D_old(0, 4)[2, 3, 5, 7]  D_new(0, 4)[2, 5, 7]  D(7, 4)[3]
D_old(2, 4)[2, 3, 5, 7]  D_new(2, 4)[2, 5, 7]  D(7, 4)[3]
D_old(3, 4)[2, 3, 7]  D_new(3, 4)[2, 7]  D(7, 4)[3]
D_old(7, 5)[3, 4, 5, 8]  D_new(7, 5)[4, 5, 8]  D(7, 4)[3]
D_old(7, 6)[1, 3, 4, 7, 9]  D_new(7, 6)[1, 4, 7, 9]  D(7, 4)[3]
D_old(7, 7)[1, 3, 4, 5, 7]  D_new(7, 7)[1, 4, 5, 7]  D(7, 4)[3]
D_old(8, 3)[3, 5, 9]  D_new(8, 3)[5, 9]  D(7, 4)[3]
D_old(0, 4)[2, 5, 7]  D_new(0, 4)[5, 7]  D(3, 4)[2]
D_old(2, 4)[2, 5, 7]  D_new(2, 4)[5, 7]  D(3, 4)[2]
D_old(3, 0)[1, 2, 3, 4, 7, 8]  D_new(3, 0)[1, 3, 4, 7, 8]  D(3, 4)[2]
D_old(3, 1)[1, 2, 4, 6, 7, 8]  D_new(3, 1)[1, 4, 6, 7, 8]  D(3, 4)[2]
D_old(3, 5)[1, 2, 3, 8]  D_new(3, 5)[1, 3, 8]  D(3, 4)[2]
D_old(3, 6)[1, 2, 3, 4, 6, 7]  D_new(3, 6)[1, 3, 4, 6, 7]  D(3, 4)[2]
D_old(4, 5)[1, 2, 3, 8]  D_new(4, 5)[1, 3, 8]  D(3, 4)[2]
D_old(5, 5)[1, 2, 3, 5, 8]  D_new(5, 5)[1, 3, 5, 8]  D(3, 4)[2]
D_old(0, 0)[1, 2, 3, 5, 7, 8, 9]  D_new(0, 0)[1, 2, 3, 7, 8, 9]  D(0, 4)[5]
D_old(0, 1)[1, 2, 5, 7, 8, 9]  D_new(0, 1)[1, 2, 7, 8, 9]  D(0, 4)[5]
D_old(0, 5)[1, 2, 3, 5, 6]  D_new(0, 5)[1, 2, 3, 6]  D(0, 4)[5]
D_old(0, 7)[1, 2, 5, 6, 7, 8]  D_new(0, 7)[1, 2, 6, 7, 8]  D(0, 4)[5]
D_old(0, 8)[1, 5, 6, 7, 8, 9]  D_new(0, 8)[1, 6, 7, 8, 9]  D(0, 4)[5]
D_old(1, 3)[1, 5, 7]  D_new(1, 3)[1, 7]  D(0, 4)[5]
D_old(2, 3)[1, 3, 5, 7]  D_new(2, 3)[1, 3, 7]  D(0, 4)[5]
D_old(2, 4)[5, 7]  D_new(2, 4)[7]  D(0, 4)[5]
D_old(2, 5)[1, 2, 3, 5, 6]  D_new(2, 5)[1, 2, 3, 6]  D(0, 4)[5]
D_old(2, 6)[1, 2, 4, 6, 7, 9]  D_new(2, 6)[1, 2, 4, 6, 9]  D(2, 4)[7]
D_old(2, 7)[1, 2, 4, 5, 6, 7, 8]  D_new(2, 7)[1, 2, 4, 5, 6, 8]  D(2, 4)[7]
D_old(2, 8)[1, 4, 5, 6, 7, 8, 9]  D_new(2, 8)[1, 4, 5, 6, 8, 9]  D(2, 4)[7]
D_old(2, 2)[1, 2, 3, 7, 8, 9]  D_new(2, 2)[1, 2, 3, 8, 9]  D(2, 4)[7]
D_old(1, 3)[1, 7]  D_new(1, 3)[1]  D(2, 4)[7]
D_old(2, 1)[1, 2, 4, 5, 7, 8, 9]  D_new(2, 1)[1, 2, 4, 5, 8, 9]  D(2, 4)[7]
D_old(2, 0)[1, 2, 3, 4, 5, 7, 8, 9]  D_new(2, 0)[1, 2, 3, 4, 5, 8, 9]  D(2, 4)[7]
D_old(2, 3)[1, 3, 7]  D_new(2, 3)[1, 3]  D(2, 4)[7]
D_old(0, 5)[1, 2, 3, 6]  D_new(0, 5)[2, 3, 6]  D(1, 3)[1]
D_old(1, 0)[1, 2, 4, 5, 7]  D_new(1, 0)[2, 4, 5, 7]  D(1, 3)[1]
D_old(1, 6)[1, 2, 4, 7]  D_new(1, 6)[2, 4, 7]  D(1, 3)[1]
D_old(2, 5)[1, 2, 3, 6]  D_new(2, 5)[2, 3, 6]  D(1, 3)[1]
D_old(3, 3)[1, 3, 7, 8]  D_new(3, 3)[3, 7, 8]  D(1, 3)[1]
D_old(5, 3)[1, 3, 5, 7, 8]  D_new(5, 3)[3, 5, 7, 8]  D(1, 3)[1]
D_old(1, 1)[1, 2, 4, 5, 7]  D_new(1, 1)[2, 4, 5, 7]  D(1, 3)[1]
D_old(2, 3)[1, 3]  D_new(2, 3)[3]  D(1, 3)[1]
D_old(1, 7)[1, 2, 4, 5, 7]  D_new(1, 7)[2, 4, 5, 7]  D(1, 3)[1]
D_old(0, 5)[2, 3, 6]  D_new(0, 5)[2, 6]  D(2, 3)[3]
D_old(2, 2)[1, 2, 3, 8, 9]  D_new(2, 2)[1, 2, 8, 9]  D(2, 3)[3]
D_old(2, 5)[2, 3, 6]  D_new(2, 5)[2, 6]  D(2, 3)[3]
D_old(3, 3)[3, 7, 8]  D_new(3, 3)[7, 8]  D(2, 3)[3]
D_old(5, 3)[3, 5, 7, 8]  D_new(5, 3)[5, 7, 8]  D(2, 3)[3]
D_old(2, 0)[1, 2, 3, 4, 5, 8, 9]  D_new(2, 0)[1, 2, 4, 5, 8, 9]  D(2, 3)[3]
D_old(0, 6)[1, 2, 6, 7, 9]  D_new(0, 6)[1, 2, 7, 9]  D(0, 5)[6]
D_old(0, 7)[1, 2, 6, 7, 8]  D_new(0, 7)[1, 2, 7, 8]  D(0, 5)[6]
D_old(0, 8)[1, 6, 7, 8, 9]  D_new(0, 8)[1, 7, 8, 9]  D(0, 5)[6]
D_old(2, 5)[2, 6]  D_new(2, 5)[2]  D(0, 5)[6]
D_old(2, 6)[1, 2, 4, 6, 9]  D_new(2, 6)[1, 4, 6, 9]  D(2, 5)[2]
D_old(2, 7)[1, 2, 4, 5, 6, 8]  D_new(2, 7)[1, 4, 5, 6, 8]  D(2, 5)[2]
D_old(2, 2)[1, 2, 8, 9]  D_new(2, 2)[1, 8, 9]  D(2, 5)[2]
D_old(2, 1)[1, 2, 4, 5, 8, 9]  D_new(2, 1)[1, 4, 5, 8, 9]  D(2, 5)[2]
D_old(2, 0)[1, 2, 4, 5, 8, 9]  D_new(2, 0)[1, 4, 5, 8, 9]  D(2, 5)[2]
D_old(3, 0)[1, 3, 4, 7, 8]  D_new(3, 0)[1, 3, 4, 8]  D(3, 3)[7]
D_old(3, 1)[1, 4, 6, 7, 8]  D_new(3, 1)[1, 4, 6, 8]  D(3, 3)[7]
D_old(3, 6)[1, 3, 4, 6, 7]  D_new(3, 6)[1, 3, 4, 6]  D(3, 3)[7]
D_old(3, 8)[1, 4, 6, 7, 8]  D_new(3, 8)[1, 4, 6, 8]  D(3, 3)[7]
D_old(5, 3)[5, 7, 8]  D_new(5, 3)[5, 8]  D(3, 3)[7]
D_old(5, 5)[1, 3, 5, 8]  D_new(5, 5)[1, 3, 8]  D(5, 3)[5]
D_old(6, 3)[5, 8, 9]  D_new(6, 3)[8, 9]  D(5, 3)[5]
D_old(8, 3)[5, 9]  D_new(8, 3)[9]  D(5, 3)[5]
D_old(8, 0)[1, 5, 9]  D_new(8, 0)[1, 5]  D(8, 3)[9]
D_old(8, 1)[1, 5, 9]  D_new(8, 1)[1, 5]  D(8, 3)[9]
D_old(6, 3)[8, 9]  D_new(6, 3)[8]  D(8, 3)[9]
D_old(6, 2)[2, 7, 8, 9]  D_new(6, 2)[2, 7, 9]  D(6, 3)[8]
D_old(6, 5)[4, 5, 8]  D_new(6, 5)[4, 5]  D(6, 3)[8]
D_old(6, 0)[2, 5, 7, 8, 9]  D_new(6, 0)[2, 5, 7, 9]  D(6, 3)[8]
D_old(7, 5)[4, 5, 8]  D_new(7, 5)[4, 5]  D(6, 3)[8]
D_old(6, 6)[4, 6, 7, 9]  D_new(6, 6)[6, 7, 9]  D(6, 5)[4]
D_old(6, 7)[4, 5, 6, 7]  D_new(6, 7)[5, 6, 7]  D(6, 5)[4]
D_old(6, 8)[4, 5, 6, 7, 9]  D_new(6, 8)[5, 6, 7, 9]  D(6, 5)[4]
D_old(7, 5)[4, 5]  D_new(7, 5)[5]  D(6, 5)[4]
D_old(7, 7)[1, 4, 5, 7]  D_new(7, 7)[1, 4, 7]  D(7, 5)[5]
D_old(7, 8)[1, 4, 5, 7, 9]  D_new(7, 8)[1, 4, 7, 9]  D(7, 5)[5]
D_old(7, 1)[1, 5, 7, 8, 9]  D_new(7, 1)[1, 7, 8, 9]  D(7, 5)[5]
D_old(1, 0)[2, 4, 5, 7]  D_new(1, 0)[2, 4, 7]  D(8, 0)[5]
D_old(2, 0)[1, 4, 5, 8, 9]  D_new(2, 0)[1, 4, 8, 9]  D(8, 0)[5]
D_old(6, 0)[2, 5, 7, 9]  D_new(6, 0)[2, 7, 9]  D(8, 0)[5]
D_old(8, 1)[1, 5]  D_new(8, 1)[1]  D(8, 0)[5]
D_old(8, 7)[1, 3, 5]  D_new(8, 7)[1, 3]  D(8, 0)[5]
D_old(8, 7)[1, 3]  D_new(8, 7)[3]  D(8, 1)[1]
D_old(3, 1)[1, 4, 6, 8]  D_new(3, 1)[4, 6, 8]  D(8, 1)[1]
D_old(5, 1)[1, 2, 4, 6, 7, 8]  D_new(5, 1)[2, 4, 6, 7, 8]  D(8, 1)[1]
D_old(7, 1)[1, 7, 8, 9]  D_new(7, 1)[7, 8, 9]  D(8, 1)[1]
D_old(0, 1)[1, 2, 7, 8, 9]  D_new(0, 1)[2, 7, 8, 9]  D(8, 1)[1]
D_old(2, 1)[1, 4, 5, 8, 9]  D_new(2, 1)[4, 5, 8, 9]  D(8, 1)[1]
D_old(4, 1)[1, 2, 7, 8, 9]  D_new(4, 1)[2, 7, 8, 9]  D(8, 1)[1]
D_old(7, 2)[1, 7, 8, 9]  D_new(7, 2)[7, 8, 9]  D(8, 1)[1]
D_old(5, 7)[1, 2, 3, 4, 6, 7, 8]  D_new(5, 7)[1, 2, 4, 6, 7, 8]  D(8, 7)[3]
D_old(4, 7)[1, 2, 3, 7, 8]  D_new(4, 7)[1, 2, 7, 8]  D(8, 7)[3]
D_old(1, 1)[2, 4, 5, 7]  D_new(1, 1)[2, 5, 7]  D(1, 0)[4]
D_old(1, 6)[2, 4, 7]  D_new(1, 6)[2, 7]  D(1, 0)[4]
D_old(1, 7)[2, 4, 5, 7]  D_new(1, 7)[2, 5, 7]  D(1, 0)[4]
D_old(2, 0)[1, 4, 8, 9]  D_new(2, 0)[1, 8, 9]  D(1, 0)[4]
D_old(2, 1)[4, 5, 8, 9]  D_new(2, 1)[5, 8, 9]  D(1, 0)[4]
D_old(3, 0)[1, 3, 4, 8]  D_new(3, 0)[1, 3, 8]  D(1, 0)[4]
D_old(5, 0)[1, 2, 3, 4, 7, 8]  D_new(5, 0)[1, 2, 3, 7, 8]  D(1, 0)[4]
D_old(0, 6)[1, 2, 7, 9]  D_new(0, 6)[1, 7, 9]  D(1, 6)[2]
D_old(0, 7)[1, 2, 7, 8]  D_new(0, 7)[1, 7, 8]  D(1, 6)[2]
D_old(1, 1)[2, 5, 7]  D_new(1, 1)[5, 7]  D(1, 6)[2]
D_old(1, 7)[2, 5, 7]  D_new(1, 7)[5, 7]  D(1, 6)[2]
D_old(5, 6)[1, 2, 3, 4, 6, 7]  D_new(5, 6)[1, 3, 4, 6, 7]  D(1, 6)[2]
D_old(1, 7)[5, 7]  D_new(1, 7)[7]  D(1, 1)[5]
D_old(2, 1)[5, 8, 9]  D_new(2, 1)[8, 9]  D(1, 1)[5]
D_old(4, 7)[1, 2, 7, 8]  D_new(4, 7)[1, 2, 8]  D(1, 7)[7]
D_old(5, 7)[1, 2, 4, 6, 7, 8]  D_new(5, 7)[1, 2, 4, 6, 8]  D(1, 7)[7]
D_old(6, 7)[5, 6, 7]  D_new(6, 7)[5, 6]  D(1, 7)[7]
D_old(7, 7)[1, 4, 7]  D_new(7, 7)[1, 4]  D(1, 7)[7]
D_old(0, 8)[1, 7, 8, 9]  D_new(0, 8)[1, 8, 9]  D(1, 7)[7]
D_old(0, 7)[1, 7, 8]  D_new(0, 7)[1, 8]  D(1, 7)[7]
D_old(0, 6)[1, 7, 9]  D_new(0, 6)[1, 9]  D(1, 7)[7]
D_old(0, 0)[1, 2, 3, 7, 8, 9]  D_new(0, 0)[1, 2, 3, 7, 8]  D(0, 6)[9]
D_old(0, 1)[2, 7, 8, 9]  D_new(0, 1)[2, 7, 8]  D(0, 6)[9]
D_old(0, 2)[1, 2, 3, 7, 8, 9]  D_new(0, 2)[1, 2, 3, 7, 8]  D(0, 6)[9]
D_old(0, 8)[1, 8, 9]  D_new(0, 8)[1, 8]  D(0, 6)[9]
D_old(2, 6)[1, 4, 6, 9]  D_new(2, 6)[1, 4, 6]  D(0, 6)[9]
D_old(2, 8)[1, 4, 5, 6, 8, 9]  D_new(2, 8)[1, 4, 5, 6, 8]  D(0, 6)[9]
D_old(6, 6)[6, 7, 9]  D_new(6, 6)[6, 7]  D(0, 6)[9]
D_old(7, 6)[1, 4, 7, 9]  D_new(7, 6)[1, 4, 7]  D(0, 6)[9]
D_old(0, 0)[1, 2, 3, 7, 8]  D_new(0, 0)[1, 2, 3, 7]  D(0, 7)[8]
D_old(0, 1)[2, 7, 8]  D_new(0, 1)[2, 7]  D(0, 7)[8]
D_old(0, 2)[1, 2, 3, 7, 8]  D_new(0, 2)[1, 2, 3, 7]  D(0, 7)[8]
D_old(0, 8)[1, 8]  D_new(0, 8)[1]  D(0, 7)[8]
D_old(2, 6)[1, 4, 6]  D_new(2, 6)[4, 6]  D(0, 8)[1]
D_old(2, 7)[1, 4, 5, 6, 8]  D_new(2, 7)[4, 5, 6, 8]  D(0, 8)[1]
D_old(2, 7)[4, 5, 6, 8]  D_new(2, 7)[4, 5, 6]  D(0, 7)[8]
D_old(2, 8)[1, 4, 5, 6, 8]  D_new(2, 8)[4, 5, 6, 8]  D(0, 8)[1]
D_old(2, 8)[4, 5, 6, 8]  D_new(2, 8)[4, 5, 6]  D(0, 7)[8]
D_old(3, 8)[1, 4, 6, 8]  D_new(3, 8)[4, 6, 8]  D(0, 8)[1]
D_old(4, 7)[1, 2, 8]  D_new(4, 7)[1, 2]  D(0, 7)[8]
D_old(4, 8)[1, 7, 8]  D_new(4, 8)[7, 8]  D(0, 8)[1]
D_old(5, 7)[1, 2, 4, 6, 8]  D_new(5, 7)[1, 2, 4, 6]  D(0, 7)[8]
D_old(5, 8)[1, 4, 6, 7, 8]  D_new(5, 8)[4, 6, 7, 8]  D(0, 8)[1]
D_old(7, 8)[1, 4, 7, 9]  D_new(7, 8)[4, 7, 9]  D(0, 8)[1]
D_old(0, 2)[1, 2, 3, 7]  D_new(0, 2)[2, 3, 7]  D(0, 8)[1]
D_old(0, 0)[1, 2, 3, 7]  D_new(0, 0)[2, 3, 7]  D(0, 8)[1]
D_old(0, 0)[2, 3, 7]  D_new(0, 0)[3, 7]  D(0, 1)[2]
D_old(0, 2)[2, 3, 7]  D_new(0, 2)[3, 7]  D(0, 1)[2]
D_old(4, 1)[2, 7, 8, 9]  D_new(4, 1)[7, 8, 9]  D(0, 1)[2]
D_old(5, 1)[2, 4, 6, 7, 8]  D_new(5, 1)[4, 6, 7, 8]  D(0, 1)[2]
D_old(0, 2)[3, 7]  D_new(0, 2)[7]  D(0, 0)[3]
D_old(3, 0)[1, 3, 8]  D_new(3, 0)[1, 8]  D(0, 0)[3]
D_old(4, 0)[1, 2, 3, 7, 8, 9]  D_new(4, 0)[1, 2, 7, 8, 9]  D(0, 0)[3]
D_old(4, 2)[1, 2, 3, 7, 8, 9]  D_new(4, 2)[1, 2, 3, 8, 9]  D(0, 2)[7]
D_old(5, 0)[1, 2, 3, 7, 8]  D_new(5, 0)[1, 2, 7, 8]  D(0, 0)[3]
D_old(5, 2)[1, 2, 3, 7, 8]  D_new(5, 2)[1, 2, 3, 8]  D(0, 2)[7]
D_old(6, 2)[2, 7, 9]  D_new(6, 2)[2, 9]  D(0, 2)[7]
D_old(7, 2)[7, 8, 9]  D_new(7, 2)[8, 9]  D(0, 2)[7]
D_old(2, 0)[1, 8, 9]  D_new(2, 0)[1, 8]  D(2, 1)[9]
D_old(2, 2)[1, 8, 9]  D_new(2, 2)[1, 8]  D(2, 1)[9]
D_old(4, 1)[7, 8, 9]  D_new(4, 1)[7, 8]  D(2, 1)[9]
D_old(7, 1)[7, 8, 9]  D_new(7, 1)[7, 8]  D(2, 1)[9]
D_old(2, 2)[1, 8]  D_new(2, 2)[8]  D(2, 0)[1]
D_old(3, 0)[1, 8]  D_new(3, 0)[8]  D(2, 0)[1]
D_old(3, 1)[4, 6, 8]  D_new(3, 1)[4, 6]  D(3, 0)[8]
D_old(3, 5)[1, 3, 8]  D_new(3, 5)[1, 3]  D(3, 0)[8]
D_old(3, 8)[4, 6, 8]  D_new(3, 8)[4, 6]  D(3, 0)[8]
D_old(4, 0)[1, 2, 7, 8, 9]  D_new(4, 0)[1, 2, 7, 9]  D(3, 0)[8]
D_old(4, 0)[1, 2, 7, 9]  D_new(4, 0)[2, 7, 9]  D(2, 0)[1]
D_old(4, 1)[7, 8]  D_new(4, 1)[7]  D(3, 0)[8]
D_old(4, 2)[1, 2, 3, 8, 9]  D_new(4, 2)[1, 2, 3, 9]  D(2, 2)[8]
D_old(4, 8)[7, 8]  D_new(4, 8)[8]  D(4, 1)[7]
D_old(5, 0)[1, 2, 7, 8]  D_new(5, 0)[1, 2, 7]  D(3, 0)[8]
D_old(5, 0)[1, 2, 7]  D_new(5, 0)[1, 2]  D(4, 1)[7]
D_old(5, 0)[1, 2]  D_new(5, 0)[2]  D(2, 0)[1]
D_old(5, 1)[4, 6, 7, 8]  D_new(5, 1)[4, 6, 7]  D(3, 0)[8]
D_old(5, 1)[4, 6, 7]  D_new(5, 1)[4, 6]  D(4, 1)[7]
D_old(5, 2)[1, 2, 3, 8]  D_new(5, 2)[1, 2, 3]  D(2, 2)[8]
D_old(5, 2)[1, 2, 3]  D_new(5, 2)[1, 3]  D(5, 0)[2]
D_old(5, 7)[1, 2, 4, 6]  D_new(5, 7)[1, 4, 6]  D(5, 0)[2]
D_old(5, 8)[4, 6, 7, 8]  D_new(5, 8)[4, 6, 7]  D(4, 8)[8]
D_old(6, 0)[2, 7, 9]  D_new(6, 0)[7, 9]  D(5, 0)[2]
D_old(7, 1)[7, 8]  D_new(7, 1)[8]  D(4, 1)[7]
D_old(7, 2)[8, 9]  D_new(7, 2)[9]  D(2, 2)[8]
D_old(7, 8)[4, 7, 9]  D_new(7, 8)[4, 7]  D(7, 2)[9]
D_old(4, 0)[2, 7, 9]  D_new(4, 0)[2, 9]  D(4, 1)[7]
D_old(4, 5)[1, 3, 8]  D_new(4, 5)[1, 3]  D(4, 8)[8]
D_old(4, 0)[2, 9]  D_new(4, 0)[9]  D(5, 0)[2]
D_old(4, 2)[1, 2, 3, 9]  D_new(4, 2)[1, 3, 9]  D(5, 0)[2]
D_old(6, 2)[2, 9]  D_new(6, 2)[2]  D(7, 2)[9]
D_old(4, 2)[1, 3, 9]  D_new(4, 2)[1, 3]  D(7, 2)[9]
D_old(6, 0)[7, 9]  D_new(6, 0)[7]  D(7, 2)[9]
D_old(6, 8)[5, 6, 7, 9]  D_new(6, 8)[5, 6, 9]  D(6, 0)[7]
D_old(6, 6)[6, 7]  D_new(6, 6)[6]  D(6, 0)[7]
D_old(6, 8)[5, 6, 9]  D_new(6, 8)[5, 9]  D(6, 6)[6]
D_old(5, 6)[1, 3, 4, 6, 7]  D_new(5, 6)[1, 3, 4, 7]  D(6, 6)[6]
D_old(3, 6)[1, 3, 4, 6]  D_new(3, 6)[1, 3, 4]  D(6, 6)[6]
D_old(6, 7)[5, 6]  D_new(6, 7)[5]  D(6, 6)[6]
D_old(2, 6)[4, 6]  D_new(2, 6)[4]  D(6, 6)[6]
D_old(6, 8)[5, 9]  D_new(6, 8)[9]  D(6, 7)[5]
D_old(2, 7)[4, 5, 6]  D_new(2, 7)[4, 6]  D(6, 7)[5]
D_old(2, 8)[4, 5, 6]  D_new(2, 8)[5, 6]  D(2, 6)[4]
D_old(5, 6)[1, 3, 4, 7]  D_new(5, 6)[1, 3, 7]  D(2, 6)[4]
D_old(3, 6)[1, 3, 4]  D_new(3, 6)[1, 3]  D(2, 6)[4]
D_old(2, 7)[4, 6]  D_new(2, 7)[6]  D(2, 6)[4]
D_old(7, 6)[1, 4, 7]  D_new(7, 6)[1, 7]  D(2, 6)[4]
D_old(5, 7)[1, 4, 6]  D_new(5, 7)[1, 4]  D(2, 7)[6]
D_old(2, 8)[5, 6]  D_new(2, 8)[5]  D(2, 7)[6]
D_old(3, 8)[4, 6]  D_new(3, 8)[6]  D(3, 1)[4]
D_old(5, 1)[4, 6]  D_new(5, 1)[6]  D(3, 1)[4]
D_old(5, 8)[4, 6, 7]  D_new(5, 8)[4, 7]  D(5, 1)[6]
D_old(3, 6)[1, 3]  D_new(3, 6)[3]  D(3, 5)[1]
D_old(4, 5)[1, 3]  D_new(4, 5)[3]  D(3, 5)[1]
D_old(5, 5)[1, 3, 8]  D_new(5, 5)[1, 8]  D(4, 5)[3]
D_old(5, 5)[1, 8]  D_new(5, 5)[8]  D(3, 5)[1]
D_old(5, 6)[1, 3, 7]  D_new(5, 6)[1, 7]  D(3, 6)[3]
D_old(4, 2)[1, 3]  D_new(4, 2)[1]  D(4, 5)[3]
D_old(4, 7)[1, 2]  D_new(4, 7)[2]  D(4, 2)[1]
D_old(5, 2)[1, 3]  D_new(5, 2)[3]  D(4, 2)[1]
D_old(5, 7)[1, 4]  D_new(5, 7)[4]  D(5, 6)[1]
D_old(5, 8)[4, 7]  D_new(5, 8)[7]  D(5, 7)[4]
D_old(7, 6)[1, 7]  D_new(7, 6)[7]  D(5, 6)[1]
D_old(7, 7)[1, 4]  D_new(7, 7)[1]  D(5, 7)[4]
D_old(7, 8)[4, 7]  D_new(7, 8)[4]  D(7, 6)[7]
